Solution : [ 0  6  7  2 20  9 15 19  8  3  4  1 18 14  5 13 22 26 23 24 31 30 16 27
 25 32 21 12 28 17 29 11 10]
Solution : [ 0  6  7  2 20  9 15 19  8  3  4  1 18 14  5 13 22 26 23 24 31 30 16 27
 25 32 21 12 28 17 29 11 10]
Solution : [ 0  6  7  2 20  9 15 19  8  3  4  1 18 14  5 13 22 26 23 24 31 30 16 27
 25 32 21 12 28 17 29 11 10]
Solution : [ 0  6  7  2 20  9 15 19  8  3  4  1 18 14  5 13 22 26 23 24 31 30 16 27
 25 32 21 12 28 17 29 11 10]
Solution : [ 0  6  7  2 20  9 15 19  8  3  4  1 18 14  5 13 22 26 23 24 31 30 16 27
 25 32 21 12 28 17 29 11 10]
